dropout: 0.1
heads: 2
hidden_dim: 96
lr: 1.1082876310640758e-05
num_layers: 3
weight_decay: 1.7664321939520526e-05
