dropout: 0.1
heads: 3
hidden_dim: 96
lr: 1.4783435802415027e-05
num_layers: 3
weight_decay: 7.4234647448618435e-06
