dropout: 0.1
heads: 4
hidden_dim: 128
lr: 1.5500607158300776e-05
num_layers: 2
weight_decay: 1.1524245772711442e-06
